name: unicycler
channels:
  - conda-forge
  - biobakery
  - bioconda
  - defaults
  - cruizperez
dependencies:
  - _libgcc_mutex=0.1=conda_forge
  - _openmp_mutex=4.5=2_gnu
  - _sysroot_linux-64_curr_repodata_hack=3=h69a702a_14
  - blast=2.14.0=h7d5a4b4_1
  - bzip2=1.0.8=hd590300_5
  - c-ares=1.27.0=hd590300_0
  - ca-certificates=2024.2.2=hbcca054_0
  - curl=8.6.0=hca28451_0
  - entrez-direct=21.6=he881be0_0
  - gettext=0.21.1=h27087fc_0
  - kernel-headers_linux-64=3.10.0=h4a8ded7_14
  - keyutils=1.6.1=h166bdaf_0
  - krb5=1.21.2=h659d440_0
  - ld_impl_linux-64=2.40=h41732ed_0
  - libcurl=8.6.0=hca28451_0
  - libedit=3.1.20191231=he28a2e2_2
  - libev=4.33=hd590300_2
  - libffi=3.4.2=h7f98852_5
  - libgcc-ng=13.2.0=h807b86a_5
  - libgomp=13.2.0=h807b86a_5
  - libidn2=2.3.7=hd590300_0
  - libnghttp2=1.58.0=h47da74e_1
  - libnsl=2.0.1=hd590300_0
  - libsqlite=3.45.2=h2797004_0
  - libssh2=1.11.0=h0841786_0
  - libstdcxx-ng=13.2.0=h7e041cc_5
  - libunistring=0.9.10=h7f98852_0
  - libuuid=2.38.1=h0b41bf4_0
  - libxcrypt=4.4.36=hd590300_1
  - libzlib=1.2.13=hd590300_5
  - llvm-meta=7.0.0=0
  - miniasm=0.3=he4a0461_2
  - ncurses=6.4.20240210=h59595ed_0
  - openmp=7.0.0=h2d50403_0
  - openssl=3.2.1=hd590300_1
  - pcre=8.45=h9c3ff4c_0
  - perl=5.32.1=7_hd590300_perl5
  - perl-archive-tar=2.40=pl5321hdfd78af_0
  - perl-carp=1.50=pl5321hd8ed1ab_0
  - perl-common-sense=3.75=pl5321hd8ed1ab_0
  - perl-compress-raw-bzip2=2.201=pl5321h166bdaf_0
  - perl-compress-raw-zlib=2.202=pl5321h166bdaf_0
  - perl-encode=3.19=pl5321h166bdaf_0
  - perl-exporter=5.74=pl5321hd8ed1ab_0
  - perl-exporter-tiny=1.002002=pl5321hd8ed1ab_0
  - perl-extutils-makemaker=7.70=pl5321hd8ed1ab_0
  - perl-io-compress=2.201=pl5321hdbdd923_2
  - perl-io-zlib=1.14=pl5321hdfd78af_0
  - perl-json=4.10=pl5321hdfd78af_0
  - perl-json-xs=2.34=pl5321h4ac6f70_6
  - perl-list-moreutils=0.430=pl5321hdfd78af_0
  - perl-list-moreutils-xs=0.430=pl5321h031d066_2
  - perl-parent=0.241=pl5321hd8ed1ab_0
  - perl-pathtools=3.75=pl5321h166bdaf_0
  - perl-scalar-list-utils=1.63=pl5321h166bdaf_0
  - perl-storable=3.15=pl5321h166bdaf_0
  - perl-types-serialiser=1.01=pl5321hdfd78af_0
  - pip=24.0=pyhd8ed1ab_0
  - python=3.10.13=hd12c33a_1_cpython
  - python_abi=3.10=4_cp310
  - racon=1.5.0=h21ec9f0_2
  - readline=8.2=h8228510_1
  - setuptools=69.2.0=pyhd8ed1ab_0
  - spades=3.15.5=h95f258a_1
  - sysroot_linux-64=2.17=h4a8ded7_14
  - tk=8.6.13=noxft_h4845f30_101
  - tzdata=2024a=h0c530f3_0
  - unicycler=0.5.0=py310h6cc9453_3
  - wget=1.21.4=hda4d442_0
  - wheel=0.42.0=pyhd8ed1ab_0
  - xz=5.2.6=h166bdaf_0
  - zlib=1.2.13=hd590300_5
  - zstd=1.5.5=hfc55251_0
prefix: /home/bioinfo/.conda/envs/unicycler
